0.746562197
0.145651184
0.651600545
0.580275285
0.094901503
0.238983792
0.271146101
0.137189756
0.55191901
0.6079269
0.661406998
0.889456011
0.558814204
0.325622747
0.152321879
0.164499108
0.75706981
0.393931209
0.009734609
0.814919982
0.540474723
0.213583695
0.81679503
0.955319102
0.400231104
0.880997593
0.488692258
0.657988097
0.312431981
0.605809946
0.870807081
0.407669733
0.935775624
0.463733904
0.542003016
0.222946717
0.771034724
0.543356212
0.512684521
0.286008845
0.104195958
0.519829454
0.456395887
0.475337688
0.502765338
0.869712292
0.655748729
0.319599414
0.997171079
0.42849438
0.454629713
0.129741008
0.397767529
0.68623392
0.714652995
0.818391294
0.632222896
0.272388023
0.334097996
0.387741233
0.21797945
0.98750089
0.457570837
0.014518425
0.796782025
0.407595717
0.208865249
0.47693334
0.173657792
0.704503304
0.138272964
0.190101663
0.199762176
0.075655824
0.227174693
0.29398562
0.444100517
0.72250492
0.932150116
0.857614364
0.841992145
0.416187143
0.585260252
0.052259318
0.450089277
0.538120286
0.090654348
0.527674551
0.50309227
0.080514709
0.946288919
0.714800906
0.271027529
0.97269027
0.002463991
0.410183791
0.626338863
0.485301089
0.353326977
0.235570231